5198762
5282242
5194821
5004197
5243168
5244294
5224897
5239190
5257365
5210227
5231534
5283989
5149764
5291924
5292802
4757624
5219464
5247946
5241982
5247672
5243863
5215232
5280165
5265052
5242470
5281681
5257762
4978794
5223878
5269182
5221428
5214854
5298995
5266379
5224646
5218118
5275725
5286870
5285071
5239825
5270734
5236179
5272663
5247670
5299952
5270763
5289565
5093481
5247269
5296424
5295095
5296407
5136222
5236504
5232812
5295968
5245980
5297622
5228644
5169252
5232648
5250325
5298476
5228105
5270710
5256282
5290619
5281730
5281612
5204675
5235642
5286826
5279095
5293167
5286652
5162993
5229486
5106026
5179436
5283516
5307685
5243532
5233875
5224515
5235302
5294041
5289898
5231244
5295854
5280946
5266613
5170088
5230079
5247676
5242000
5285888
5288344
5308977
5302156
5301269
5025868
5302585
5286981
5244762
5244034
5274606
5248030
5239846
5289761
5307678
5294634
5252564
5301132
5218433
5305425
5302467
5300285
5266560
5292819
5310503
5287659
5216608
5253992
5236451
5287117
5302762
5297090
5310191
5300145
5302678
5214986
5302263
5303701
5307485
5299744
5301576
5307765
5256356
5302154
5303360
5302014
5241210
5304876
5285870
5298159
5289086
5236235
5301799
5289214
5286359
5307914
5109319
5302273
5302653
5298867
5162997
5292365
5309599
5228629
5246059
5229041
5276030
5222738
5233682
5275516
5292755
5291854
5298790
5247183
5266618
5195465
5238303
5293046
5273629
5286088
5278268
5247618
5289040
5266377
5058145
5233064
5273089
4801868
5163602
5266526
5292233
5237415
5269164
5261804
5250938
5222055
5187368
5236491
5224913
5236459
5302405
5292500
5295918
5289256
5273469
5259347
5253547
5265420
5282942
5307481
5291736
5301617
5280874
5269825
5310196
5243615
5296848
5265314
5314235
5270861
5263750
5233015
4824721
5266211
5312303
5243362
5298773
5303197
5290372
5098798
5312246
5282118
5075422
5276059
5312206
5286865
5302570
5270833
5268491
5159562
5266963
5287059
5315350
5314360
5308232
5157933
5272452
5314677
5291829
5255609
5288355
5313827
5302252
5012057
5313069
5308029
5243996
5289588
5212106
5314587
5255328
5206183
5302174
5194436
5309448
5252708
5315427
5299616
5282237
5270087
5313452
5272019
5060013
5280781
5313957
5308971
5221691
5267189
5307030
5317233
5309066
5246811
5315457
5278361
5206587
5280667
5317677
5292453
5309956
5248023
5313823
5270654
5284612
5252802
5291918
5300023
5301101
5266048
5248003
5244274
5256623
5198194
5244305
5292222
5296753
5287541
5313408
5233053
5244002
5307026
5313861
5314426
5278368
5272440
5302589
5312243
5247725
5290904
5262177
5305163
5254726
5284773
5299787
5253013
5287033
5313875
5313304
5281462
5313298
5312824
5272111
5283369
5302013
5307625
5302669
5303853
5303995
5298812
5244307
5278244
5174292
5313884
5310474
5309416
5112978
5313934
5252907
4985327
5317644
5237534
5243534
5314416
5317209
5313857
5246974
5307035
5246170
5301448
5243841
5314788
5306026
5308454
5290048
5180868
5108489
5232316
5178628
5251856
5273722
5209705
5286944
5317651
5314474
5266924
5246581
5178414
5266351
5252675
5310884
5191990
5302772
5249725
5257380
5286179
5309010
5314186
5266131
5245178
5290152
5272277
5311213
5302229
5253336
5294011
5103790
5160425
5292266
5286623
5250374
5252571
5317763
5141520
5309827
5171579
4522301
5313480
5110071
5308516
5244115
5286653
5130937
5314083
5284346
5284823
5309188
5269867
4860909
5298523
5302555
5278367
5314695
5288236
5310211
5081785
5285443
5243646
5298725
5313644
5311923
5250270
5303502
5314119
5279916
5317370
5307236
5315458
5201701
5246712
5246285
5314122
5243641
5258023
5314385
5286605
5296171
5302616
5288407
5312773
5248043
5280641
5185489
5311536
5228596
5059197
5290171
5317244
5297400
4290521
5314127
5313660
4994230
5264580
5272123
5235105
5266769
5247947
5285896
5278058
5046357
5242327
5247195
5316186
5307943
5245804
5244194
5226083
5271244
5244256
5180976
5171060
5247998
5247077
5266168
5308734
5098831
5098526
5209962
5314542
5307776
5311281
5244239
5311485
5247663
5245063
5245350
5302108
5246415
5031285
5317703
5246292
5293833
5244297
5008314
5246125
5317685
5314358
5279014
5243179
5254064
5313971
5284617
5243953
5243845
5232652
5214480
5257654
5291525
5312184
5206512
5303251
5224403
5253944
5314540
5307726
5286820
5285040
5307791
5291516
5135044
5288307
5287747
5273481
5191621
5317208
5273543
5286423
5090482
5245556
5302015
5314604
5259625
5254076
5269250
5316579
5173605
5315809
5244950
5274583
5313299
5312122
5310227
5311324
5314454
5315879
5312986
5239818
5293784
5311311
5188035
5280708
5310273
5314326
5279535
5314747
5312782
5313791
5316342
5094735
5315462
5314316
5286727
4992844
5257983
5265414
5266583
5319801
5235167
5288359
5305275
5260501
5319124
5321292
5321609
5309007
5296390
5244475
5316835
5311356
5287896
5296738
5266849
5289502
5314649
5319216
5259745
5295112
5302823
5222995
5314568
5267193
5315686
5189272
5266906
5213072
5260276
5315080
5286730
5290552
5320276
5320993
5321148
5287637
5321217
5314384
5302287
5314020
5302155
5325191
5252387
5302376
5122529
5316826
5252908
5319249
5320285
5316465
5325053
5255501
5182572
5179312
5320372
5179461
5325219
5297453
5315676
5254021
5320717
5324005
5175495
5129191
5236529
5317980
5303878
5318738
5270570
5272057
5282579
5314562
5302095
5305083
5314270
5290210
5282587
5315489
5321584
5319193
5288253
5197820
5242731
5174043
5316389
5308694
5013468
5311021
5286584
5314051
5315674
5172620
5319183
5123807
5275304
5324510
5319565
5269765
5190853
5317064
5310931
5293388
5288373
5290260
5266973
5244122
5322011
5116555
5182785
5281748
5325378
5309706
5260517
5327222
5309003
5246321
5314325
5314053
5318238
5023796
5286884
5270974
5278419
5327136
5325712
5272919
5302061
5327528
5325707
5279491
5319452
5298762
5311111
5328922
5313023
5252396
5327476
5328506
5321370
5322000
5247166
5319361
4938579
5280004
5279992
5321714
5322940
5326841
5062545
5210224
5326470
5326987
5288242
5068164
5324603
5326538
5305673
5326433
5326408
5326276
5309405
5315737
5319966
5244207
5327809
5315889
5311364
5272284
5287119
5280666
5270020
5325018
5272509
5318491
5285884
5302752
5321845
5287708
5311577
5327550
5315703
5320368
5317411
5270678
5298946
5305669
5179806
5253069
5266321
5192513
5317679
5329931
5269173
5210009
5279487
5329792
5285836
4338271
5321310
5320898
5273967
5307575
5175299
5297643
5260572
5325036
5320034
5321740
5249804
5286504
5321486
5278424
5131158
5274480
5318182
5318855
5327225
5327480
5269955
5322084
5317172
5326549
5293360
5303765
5302423
5325232
5254475
5327607
5134649
5128608
5320375
5321948
5287700
5325904
5321240
5320666
5324534
5317302
5310086
5321368
5266314
5293749
5330560
5245406
5322101
5326765
5314710
5326899
5186618
5315862
5275415
5325986
5287079
5322102
5266254
5313801
5307949
5279159
5323130
5319459
5191373
5295501
4923769
5327633
5119159
5181346
5128461
5319165
5296129
5272588
5327293
5326908
5266259
5329237
5281504
5327153
5184107
