70232644
70153648
70232174
70088125
70069400
70229060
70228732
76970257
70055748
70225348
70081564
70223786
70223027
70222779
70222002
70218664
70218628
70216556
70216365
70215385
76993283
70212688
76917244
70211901
70211810
70211644
70211560
70208956
70208880
70207867
70207741
70206122
70205952
70205616
70060614
70203140
76620370
70201749
70201588
70200792
70200774
76998390
70200044
70198463
70198155
70196316
70195799
70194424
70193202
70018571
70185472
70184187
70182622
70181808
70181723
70020608
76867106
70177994
70177558
70177219
70176556
70175359
70175150
70174115
70173412
70172354
70170401
70163221
70163088
70161535
70161368
70158374
76998533
70157334
76861617
70155756
70155343
70152971
70152437
70152360
76863730
70149144
70149055
70145930
76996955
76966469
70141085
70141005
70140532
70139809
70135182
70134407
70134097
70132637
70127514
70126572
70126270
70125448
76994943
70119351
70118974
70117521
70116961
70116607
70113814
70112955
70111570
70111152
70108209
76993191
70106285
76962813
70104489
70103424
70101618
76948687
70100010
70095474
70092767
70091199
70090096
76997469
70086619
70085482
70083134
70078320
70076014
70074228
70074145
70073415
76969202
70072035
70071355
76989379
70068354
70067624
70065076
70064111
70060119
70059461
70059209
70059044
70058583
70058410
70057791
70056572
70055515
76917819
70046854
70046070
70045554
70045274
70043639
76992589
70041350
70036900
70036658
76701477
76985735
70029399
70028488
70027580
70025916
70024606
70023584
76984555
76984898
70019668
70018971
70017622
70010948
70009793
70007044
70005741
70005002
76999987
76999600
76999332
76999008
76998960
76998952
76998547
76997929
76997805
76980713
76997518
76997388
76997136
76997103
76996789
76824188
76996749
76996716
76996509
76996267
76996168
76995836
76995587
76977838
76994616
76994477
76994464
76994400
76855074
76993796
76993736
76993500
76993170
76993103
76993055
76993039
76975224
76992950
76992860
76992665
76992662
76992633
76989935
76992464
76973838
76992345
76992339
76992272
76992262
76992021
76991959
76991883
76991881
76991649
76991296
76896658
76991289
76980253
76991255
76991084
76973174
76990825
76990818
76990256
76971377
76972077
76989772
76989662
76989624
76989405
70136091
70241165
70238274
70235338
70227336
70225621
70223213
70222798
70221962
70214571
70212755
70212695
76968619
70206012
70095441
70200093
76937037
70194237
76955328
70184657
76768634
76933514
70173257
70006906
70158059
76556738
70155425
70154890
76716727
70140042
70136649
70123818
70123552
70122884
70120212
76923741
70109473
70107443
70103234
70095294
70087061
76968891
70073303
70065269
76943609
70058051
70052616
76986679
70050794
70049197
70047717
70047250
76967185
70013430
70005147
70002745
76979716
76888661
76996457
76996182
76996154
76995020
76994792
76994254
76993971
76975855
76993364
76993042
76992888
76975439
76992667
76992318
76991306
76991143
76990989
76990930
76990817
76990768
76990630
76990550
76481170
76989574
76988837
76988826
76988747
76988686
76988578
76781786
76987060
76986869
76986424
76971386
76935224
76985433
76966911
76984902
76983377
76983222
76785555
76982936
76982702
76963742
76981825
76981394
76979733
76759093
76979302
76979269
76978827
76978674
76978260
76978120
76977620
76957632
76977170
76976017
76975890
76974492
76973439
76973248
76972392
76971615
76970876
76970417
76970125
76969688
76969184
76969066
76968941
76949865
76967116
76966853
76966279
76965715
76965684
76965415
76965385
76964861
76964145
76963477
76962677
76962460
76962312
76941796
76959904
76959078
76946306
76958412
76957239
76957204
76956003
76955226
76954968
76954520
76953642
76953547
76953169
76952365
76952132
76952001
76951958
76951827
76950378
76949340
76949317
76815121
76948235
76945720
76945600
76945157
76944292
76943992
76943747
76942038
76941977
76903550
76940982
76940506
76939773
76939470
76939366
76939096
76937374
76936770
76936275
76936067
76919182
76919867
76933859
76906500
76933756
76933561
76933255
76933226
76932787
76932130
76931375
76929932
70261093
70260815
76928597
76928567
76928386
76927965
76927879
76927226
76914201
76926495
76925456
76925108
76924946
76922542
76922033
76918978
76917845
76892866
76916454
76915638
76912470
76911426
76911421
76908986
76908681
76908645
76908548
76906207
76905322
76905037
76904184
76885184
76904055
76903939
76903409
76902721
76902320
76902039
76901684
76900955
76475304
76880131
76897774
76897032
76896628
76896625
76895941
76893116
76892983
76892277
76891618
76890575
69285978
69285674
69283861
69279658
69278797
69272268
69142012
69264951
69254560
69251084
69249466
69225426
69220333
69189781
69178457
68928662
69164549
69156380
69124709
69114261
69114215
69089861
69086812
69086450
69085489
69062079
69053223
69050375
69041840
68851847
69040553
69039394
69034095
69027215
69023201
69020395
69016846
69009554
64753040
68801312
68977745
68970327
68966282
68966256
68959419
68931165
68929839
68922776
68916188
68905750
68905640
68719341
68899216
68893991
68893113
68877851
68876298
68870914
68850105
68846985
68846596
68845032
68837887
68830039
68806618
67297113
68799473
68789529
68761487
68592351
68760347
68583213
68578236
68741398
68726472
68719695
68713233
68711430
66836564
68699761
68696154
68689605
68683847
68677957
68507395
68667283
68660910
68656079
68645146
68630127
68607075
68430959
68586363
68581549
68579271
68573857
68565701
68564483
68564352
68562150
68558657
68558293
68557591
68555608
68555371
68411089
68378784
68378286
68544317
68542835
68538722
68518267
68326735
68489958
68456779
68452664
68450748
68042832
68444492
68444066
68443433
68259253
68408878
68400744
68396281
68387587
68377357
68373880
68373520
68370507
68365944
68357310
68345323
68331702
68324869
68322407
68154719
68309205
68306593
68300098
68289913
68115653
68269064
68265039
68263952
68263160
68079815
68196301
68194985
68193180
68186201
68185587
68169392
68157742
68128267
68127198
68125624
70128944
69228374
70127211
70126803
69958877
70125594
66375107
70124176
69415743
70123319
70123183
70122421
69947834
69957781
70120957
70120888
70120277
70120123
70119516
70119005
69692930
68894332
69748448
70116261
70116245
69908004
70114074
69127281
70113064
70113053
70112974
70111567
70111509
70109337
70109161
70108995
70108123
70104742
70103008
70101421
70100624
69924170
70096694
70096025
70095068
70093352
70091799
70090437
70088817
70088308
69859097
69900832
70085079
70084009
70083877
70083375
70083316
70080675
70080529
70080018
68969589
70075993
68924583
70073359
70072176
70071562
70070393
70069420
70066359
70063743
70061945
70061768
70059774
68869314
70059136
70058881
70055989
70055511
70055065
70054472
70054436
69516100
69860976
70043141
70042875
70041435
70041412
70040193
69853356
70035653
70032628
69879174
70032053
69579640
70029742
70026849
70026791
70026756
70024972
69515162
70018817
70017966
70017962
70017099
70016582
70016581
70015218
70014625
70013676
69091604
70011055
70010073
70008988
70007891
70007195
69506679
70004107
70002917
69999802
69999559
69999022
69990020
69995282
69993482
69582449
69992635
69992404
69404849
57795236
69985183
69984806
69546558
69983597
69811427
69979178
69978339
69978308
69977316
69976417
69976333
69705954
69971650
69970086
68784862
69967921
69966905
69966682
69960912
69780425
69770276
69960347
69955812
69952345
69951867
69950687
69950521
69950313
69949130
69946480
69943748
69943425
69943097
67887733
69941225
69938287
69937744
69937491
69936803
69936651
69936492
69936488
69935050
69935030
69934499
69750288
69931040
69926371
69925819
69667291
69924052
69918664
69918618
69917740
69913837
69913810
69913625
69913167
69912987
69233877
69911137
69910612
69910361
69909408
69908632
69908406
69908276
69905977
69905275
69903380
69902252
69902025
69717074
69901373
69900852
69703714
69896524
69706120
69895395
69894958
69893066
69892278
69887962
69887033
69884959
69881982
69876439
69875769
69875750
69875303
69872328
69871690
69870667
69869371
69687661
69868499
69867580
69867227
69700348
69864576
69864030
69863346
69862551
69862513
69861035
67864235
69859018
69596834
69855417
69180484
69752457
69854258
69853820
69852118
69851620
69847323
69847290
69846888
69845810
69845292
69844673
69368305
69842430
69842022
69841319
69664249
69837672
69836537
69830636
69830078
69829389
69828615
69826964
69824284
69644462
69822227
69820154
69819695
69819180
69815843
69371230
69627630
69809850
69809594
69161727
69807521
69805405
69804553
69804470
69801600
69799360
69796976
69796063
69796060
69610838
67889539
68409077
69791781
69791607
69791348
69787952
69785471
66189453
69779334
69776051
69774616
69773618
69406833
69771182
69283095
69768541
68195464
69762872
69565089
69755452
69562630
69754428
69750065
69746608
69746037
69745765
69609588
69743081
69742074
69742057
69741275
69739872
69382897
69738712
69737944
69734955
69733777
69024961
69732852
69732481
69050707
69731128
69519880
69723704
69723353
69721399
69718303
69717151
69714728
69712201
68844195
69705327
69704108
69702923
69702216
69699455
69696978
69692749
69692408
69692296
69516521
69691752
69691472
69690368
69689854
69688696
69688473
69686377
69686102
69494900
69685278
69496241
69684332
69681337
69678101
69677661
69677482
69675826
69675505
69671695
69671295
69489260
69669851
69669782
69668636
69668547
69667978
69665765
69664588
69664199
69662143
69661134
69659680
69654691
69653980
69653868
69653332
69653067
69520515
69652316
69650228
69648070
69647556
69644558
69643672
69643632
69642394
69642874
69642809
69640055
69636354
69635156
69346731
69634113
69633949
69633820
62038939
69631016
69629700
69626971
69624868
69622355
69619649
69618332
69618230
69617542
69390619
69441319
69615758
69614234
69612788
66220775
69610253
69607812
69602095
69601186
69600349
69599620
69594517
69593417
69593239
69593067
69592024
69591146
69284087
69589731
69588532
69587337
69586568
69585425
69583953
69453101
69581280
69580461
69580406
69576880
69576310
69572218
69569689
69569202
69569087
69566885
69565114
69560893
69560119
69383243
69557073
69556961
69551581
69548878
69547588
69545404
69544975
69544831
69543802
69543148
69541413
69539051
69538892
69536547
69536232
69534362
69533308
69532903
69532649
69532520
69532389
69531968
69531766
69379054
69528981
69528696
69528159
69527852
69527654
69527085
69524944
69521986
69520487
69517779
69404992
69515348
69514333
69514023
69512415
69510990
69508767
69508137
69507972
69504467
69503260
69501424
69498316
69497437
69495987
69493134
69491808
69491352
69490723
69489600
69489585
69489568
69488171
69486690
69485428
69484759
69483940
69480746
69480073
69477635
69475781
69473512
69472636
69472503
69471970
69468656
69467472
69467471
69078382
69466127
69465522
69465093
69464267
69463197
69462716
69462131
69461075
69460132
69459514
69321676
69457878
69457770
69457717
69457326
69456579
69325448
69454828
69454690
69448912
69448478
69448448
69447280
69446303
69445773
69445506
69445483
69444405
69443111
69164378
69438934
69437517
69300783
69434965
69434313
69289875
69429504
69427583
69427404
69425471
69425299
69425286
69424303
69424138
69422241
69050962
69420752
69420412
69420221
69418803
69416567
69411426
69410668
69410309
69408079
69407242
69404471
69402912
69402837
69401632
64643941
69399325
69399207
69264852
69395737
69395138
69394994
69393187
69393161
69392654
69392520
69392194
69391654
69391064
68754388
69382964
69382325
69231093
69374758
69374180
69373800
69372194
69370119
69368813
69230448
69365343
69360569
69356726
69356144
69352489
69352107
69351042
69347796
69202718
69343070
69342882
69338081
68863807
69334942
69334120
69190596
69331885
69331630
67721709
69327945
68187016
69323540
69254488
69319593
69316065
69314435
69312903
69309877
69309860
69308766
69307788
69307702
69303558
69303022
69302039
69300023
69298647
67921146
69153146
69293946
69293000
68842582
69288984
69288770
69020646
69285850
69285333
69282843
69278044
69277114
69276631
69265236
69264648
69259484
69258869
69258832
69258682
69255014
69254192
69251430
69251363
69249043
69242950
69058510
69058504
69237578
69237327
69236133
69235581
69234801
69231597
69231053
69230380
69227170
69226584
69224077
69222172
69221191
69219088
69214067
69211353
69207188
69206950
69205492
69200350
69199993
69012784
69008762
69196529
69196104
69191556
69191555
68275421
69186806
69186290
69185494
68990249
69182066
69181865
68992615
69179234
69177858
69173053
68898511
69169269
69168468
69165156
69164355
69158160
68983968
69155575
69155347
69155025
69154489
68964973
69152603
69152295
69144422
69141312
69137915
69135075
69132219
69129242
69128717
69123633
69122151
69115766
69114641
69111615
69106194
67580021
68770320
69088102
68735804
69083956
69082709
69079705
69079403
69076944
69076863
69075703
69074014
69073590
69071543
69068676
69067847
69066070
69064293
69060847
69058299
69054311
69052764
69048888
69042186
69040535
69040243
69039107
69038431
69038305
69028724
69028465
69025689
69024660
68828895
69020318
69013829
69011874
69006401
69002548
69002518
69000793
69000089
68919093
68996457
68821661
68993364
68990717
68989575
68867391
68984522
68983868
68983749
68977822
68974752
68973146
68971249
67732335
68967955
68966456
66714747
68963088
68962267
68961248
68777494
68951481
68951350
68950390
68943130
68940960
68937819
68935952
68934671
68934553
68934002
68928393
68925123
68921446
68920124
68916870
68916806
68913265
68910223
68905443
68903991
68903292
68903064
68901831
68901754
68718075
68896716
68896586
68895378
68891321
68887261
68879346
68879112
68874189
68873969
68873570
68872274
67902705
68868825
68867051
68866036
68863331
68690103
68686808
68854141
68850521
68846960
68667629
68843749
68840883
68837839
68835155
68729503
68828605
68828373
68827535
68826276
68824879
68824752
68820282
68816903
68814921
68811855
68809842
68809424
68803274
68801007
68800046
68798446
68797023
68791726
68790182
68790083
68789791
68786722
68786410
68785045
68781052
68776945
68776506
68758399
68756748
68754460
70246824
70246177
70246168
69859789
70245824
70245555
70244703
70244700
70244397
64765844
70243962
70243754
70243682
70243586
70243290
70243096
70115156
70123878
70242203
70241667
68872904
70241556
70240825
70066653
70239094
70238886
70238442
70238132
70238019
69427760
70236663
70236593
69513279
70236344
70235706
70235295
70234026
70233836
70233363
70233337
70094498
70070950
70232984
69183154
70232676
70232297
70232236
70232189
70232184
70231458
68748171
68747081
68744336
68741337
68739640
68734414
68730097
68729494
68728782
68727094
68723824
68723209
68722433
68721056
68708398
68703945
67881072
68701037
68532358
68699392
68698353
68695890
68695433
68692728
68691780
68689746
68682493
68680600
68680169
68678465
68661191
68489343
68658165
68649047
68415754
68463728
68462839
68628335
68625473
65878488
68616088
68615876
68607596
68602176
68599121
68598413
68597901
68593370
70231335
70231251
49743766
70231024
70230744
70230706
70169122
63956583
70229519
69668032
69754630
70228066
70025851
70227957
70227327
70227267
70227223
70227151
70227121
70226816
66144598
70226407
69414316
70226216
70225835
70225780
70225397
70224222
70224170
69468499
70223192
70223050
70222317
70222279
70222148
70221828
70221784
70221769
70221623
70221230
70221216
69522170
69292758
68954487
68405843
68575901
68573183
68568906
68565559
68564479
68563839
68394712
68558958
68548180
68543442
68542363
68540829
68538253
68531371
68528104
68248361
68517611
68517344
68513191
68513026
68509233
68507941
68499843
68499786
68323095
68497887
68496651
68493304
68490717
68485486
68477523
68467799
68458476
68448845
68260834
68441340
68437068
68436820
68436564
68260857
68434507
68418157
68415305
68405920
68404106
68388853
68214747
68212394
68381972
70047625
70220008
70219869
70219450
70219422
70219005
70219003
70218991
70218200
70218008
70217318
70217092
70216585
70216576
70216082
70215694
70215139
68539558
70214641
70214522
70203603
70214292
70213260
70213192
70212773
70040433
70212682
70212236
69661414
70211127
70210996
70210603
70210435
70210375
70209997
70209394
70209026
70208594
67141439
70207985
70207215
70206906
70206706
70033213
69505332
70206017
70205884
70205171
68377149
68376805
68373190
68372458
68205546
68362022
68350039
68349739
68337732
68333661
68328448
68323192
68314696
68311946
68311220
68144763
68288089
68286308
68282969
68282395
68278907
68275992
68275289
68274995
68272324
68271552
68264273
68263124
68256781
68099658
68252999
68250566
68241196
68239093
68237567
68060882
68221093
68219114
68219054
68204181
68201664
68199932
68033522
68191820
68191505
68190856
68186485
68184466
68180173
68175830
68161789
68161005
68159361
68156300
68154229
68154164
68149008
68146017
68139530
68139423
68133165
68133160
70204591
70204504
70204165
70203818
70203325
69927554
70203060
70202849
70202491
70202291
69909781
69773502
70201959
69424261
69573713
70201561
70067952
69202009
70201109
70200737
69650212
70199702
70199329
70199260
70198788
70198617
70198433
70198176
70197940
69574002
70197878
68840472
70196483
69486526
70194934
70194479
69831117
69184749
69036387
70191707
70191673
69071375
70191011
70190731
70190429
67858351
67927710
70188938
70188446
70187973
70186686
70186507
70186388
70186204
70019551
70023585
70185945
69961114
70007921
70185275
70150079
70184324
70184303
70010391
70181725
69884068
68838217
70024383
68657322
70087713
69634767
70180748
70180060
70179785
70179152
68703089
70178485
70178457
70178359
69656520
70026280
70177360
70176989
70018748
70176285
70004018
70172655
70172457
70172302
70171678
70171296
70170793
70170589
70170561
70170396
69992381
70169207
70169151
70168749
69994545
70167736
69811424
70166914
70166761
70136356
70165590
70164951
70164639
70164608
70164505
70164122
68531842
70163707
70163067
69046013
70162136
70161915
70161846
70161420
70160700
70160159
70159753
70159576
70159490
70158873
70158617
70158504
70157928
70157716
69259399
70156599
70156264
70155709
70155594
70155592
70155560
70155125
70154986
70154442
70154331
70154326
70154311
69968430
70153901
69948420
70153637
70153397
70152555
70152497
70152411
70152371
70152270
70151718
70151715
70151445
69974782
70150543
70149499
70149056
68584210
68760716
70147877
69799164
70147390
69507167
70147106
70146941
69985453
70145957
70145884
70145461
70144979
69353455
70144213
68074974
70144078
70143837
70143202
69973521
70142230
70141095
67140446
69933140
70140628
70140521
70140507
69360612
70087569
70140071
70139898
70139532
69443838
68419226
70139334
70139240
70138419
70137937
70137611
69962776
70136405
70136140
70135547
70135523
70135189
70134223
70133652
70133505
70133341
70133170
70132466
70132256
70132130
70131050
70130401
70129820
70129800
70129161
70128960
70128758
69945873
70128468
70127280
70126473
69954532
70124993
70124968
70124663
70123757
69950891
70121127
70120238
70120235
70120008
70119848
70119605
70119563
70119554
70119411
70119244
70119010
70118843
70117290
70117133
70116874
70116822
70115651
70114922
70114917
70114619
70114394
70114166
70113870
70112636
70111901
70111539
70111120
70110575
70109546
70108733
70108703
70108520
70108423
70108338
69924097
70107799
70107784
69931678
69910552
70106121
68627061
69921175
70101996
69926847
70101472
70100954
70100106
70100087
70099645
70098853
70098802
69919993
70097707
69926030
70096591
70096589
70095845
70095360
70095254
70094787
70094662
70094645
70094411
70093904
70093829
70093767
70093540
70093539
70092432
70092047
70091885
70091634
70090782
70090269
69828599
70089064
69849142
70088568
70088230
70087605
70087557
70087476
69552314
70087250
69879214
70087151
70086623
70086486
70086363
70086220
70086044
70085523
70085044
70084789
69518679
70084459
68704331
70082710
70082614
70082297
70081145
70080897
70080636
70080306
70079974
70079934
69892721
70078321
70077809
69783427
70077333
70076929
70076809
70076508
70076382
70074655
68940197
70074068
70073429
70063834
70072244
70072212
70071810
69123244
70070262
70070126
70069891
70069884
70069525
70069108
70068948
70068763
69854939
70068637
70068379
70067673
70067306
70066364
70065716
70065437
70065142
70064927
70064681
69889244
70064159
70063787
70063719
70062922
70062774
70062754
70061771
70061331
70060993
70060944
69884373
69884467
70059651
69843735
70058663
70058191
70057900
70057469
70056281
70055990
70055478
70055394
70055200
70055197
70054507
70054458
70053292
70053120
70052972
70052971
70052558
70052309
70052244
70052196
70052006
69822856
70051688
69853231
69688098
68821329
70049939
69379937
70049518
70048636
70048630
70047771
70047664
70047478
68643032
70046392
68869024
70046347
70046080
70045984
70045404
70044581
70044529
70044406
70043709
70043383
70043034
70042283
69274268
70041623
70041434
70041270
70040812
70039791
68621031
70039542
70039381
70039329
68209735
70038785
69618096
70038078
70037693
70036960
70036873
70036800
69922958
70034006
69687987
69866872
69688415
70032666
70032313
69522465
70031266
70031148
70030880
69759963
69854274
68633505
70027128
55855467
70026888
70026755
70026367
70026132
70026101
68978577
69848022
70023008
70022565
69762073
70021007
68608522
69322713
70020180
70019709
69507480
70019280
70017990
70017892
70017775
70017329
70017263
70016696
69556891
70015988
70015972
70015071
70014798
69647466
70014425
70014108
67508487
70013747
70013478
70012400
69737405
70012217
69392825
69563907
70010390
70009732
70009074
70008522
70007974
67983713
70007484
70006645
70006626
70006074
70006044
70003600
70002154
70001280
70001232
69999894
69999798
69997700
69996228
69995907
69876113
69993641
69993075
69992668
69992274
69262412
69990785
68597113
69990354
69990026
69989923
69989807
69988546
69988325
69988317
69986698
69986620
69986201
69986075
69985911
69985796
69985354
69450952
69800877
69982980
69808139
69755117
69981268
69981183
69981098
69980933
69980890
69980743
69979336
69979016
69978889
69401613
69975885
69975793
69799275
69975180
69975061
69973981
69973633
69329954
67716047
69971045
69970946
69970457
69970431
69969732
69969208
59769270
69968021
69967791
69965277
69964617
69964496
66727810
69962620
68087571
69960855
69960588
69960156
69959437
69783011
69958150
69957862
69957392
69957326
69957277
69957248
69957170
69955887
69954144
69712246
69618266
69950375
69948002
69947071
69946567
69946417
69945603
69945462
69944755
69943839
69943720
69942554
69941938
69941268
69941100
69940615
69940191
69938980
69938355
69938339
69937986
69937982
69936540
69936121
69935613
69935297
69395011
69935066
69934449
68679685
69933831
69932979
69932351
69931690
69753366
69744765
69927940
69927695
69927451
69927421
69926658
69926097
69926057
69925649
69924886
69924685
69759612
69923704
69923057
69922478
69922086
69922064
69921321
68647009
69920661
69750945
69919958
69919892
69919321
69918722
69918647
69918006
69916104
69915655
69915633
68097621
69914925
69914851
69914720
69914516
69912757
69911626
69911501
69911443
69911167
69910816
69909905
69909206
69908749
69906813
69906362
69906273
69705140
69905590
69718661
69904508
69904261
69903870
69903350
69902832
69901657
69901654
69900763
69900058
69899973
69899903
69899331
69899314
69899125
69706423
69897956
69591070
69897329
69399093
69896627
69896126
69893789
69893378
69893215
69892678
69892270
69890188
69889939
68854487
69889241
69889205
69888197
69887983
69887968
69709555
69887034
69885405
67911932
69884957
69883653
69883618
69883435
69883320
69882589
69881925
69881512
69880857
69880540
69880496
69880470
69879501
69879101
69877824
69876797
69876757
69876711
69875700
69875447
69875113
69874553
69874143
69873561
69873408
69873279
69872333
69872079
69871535
69871043
69870569
69222025
69868867
69868123
69687261
69867229
69865795
69863868
69863314
69676679
69687367
69862311
69862236
69861683
69861131
69860889
69860035
69859280
69858793
69856460
69856234
67628223
69855250
69565050
69853745
69385687
69853634
67094101
69852892
69852032
69850496
69850324
69850269
69848827
69848646
69848483
69848213
69847363
68183626
69846893
69845989
69668167
69843289
69843135
69842785
69841326
69839252
69837421
69836698
69836659
69836149
69405924
69510826
69835145
69834556
69833862
69651955
69833011
69828704
69828370
69827241
69636193
69827006
69826768
69112580
69826096
69282863
69630864
69823333
69823332
69822991
69822897
69821875
67884994
69820110
69820085
69819093
66908391
69817714
69816216
69815138
69813938
69812933
69812673
69812148
69811079
69810612
69810416
69810000
69627372
69808850
69808748
69808247
69808035
69804519
69804437
69040120
69803370
69610364
69801290
69801072
69800906
69800067
69800040
69799899
69799789
69798014
69796097
69794954
69793278
69791798
69789529
69789445
69788992
69788897
69788892
69788694
69788606
69788181
69787702
69783686
69782807
69779215
69587161
68415206
68841617
69776883
69776369
69775915
69775911
69774916
69774677
69774118
69774093
69774045
69773650
69773007
69772743
69772624
69772279
69772026
69771321
69770953
69036619
69767986
69767803
69766631
69766447
69765885
69765166
69765116
69764965
69764450
69762010
69762001
69761282
69760749
69759901
69518230
69758619
69558476
69568501
69570689
69756800
69567441
69565973
69753728
69752776
69752718
69751939
69750853
69750659
69750205
69749827
69748989
69748022
69569422
69605681
69744224
69744026
69743936
69743716
69742262
69742247
69742229
69555864
69740830
68685738
69740783
69739917
69232545
69738753
69737993
69737934
69508183
69737702
69737674
69737496
69471760
69734490
69734222
69734006
69733508
69733039
69728946
69728292
69727794
69726600
69726158
69726119
69726110
69725615
69725530
69725349
69525128
69724976
69722853
69722745
69544079
69720062
69718919
69522309
69717232
69717178
69531267
69528626
69528422
69714962
69522327
67616833
69713600
69713566
69712833
69711908
69711604
69711063
69711026
69710623
69594496
69709677
69709623
69707772
69707707
69706758
69706573
69706530
69706343
69444056
69705706
69704911
69519540
69702888
69702787
69702472
69702152
69700816
69699381
69699240
69698972
69697063
69696000
69695590
69510553
69695257
69694888
69694202
69693183
69692745
69692580
69593300
69690352
69690167
69689285
69687512
69687387
69515418
69515467
69686375
69685984
69685597
69684869
69684769
69684539
69429815
69684237
69683697
69682818
69681771
69680158
69678671
69678557
69677896
69677428
69676294
69576734
69674785
69674582
68518891
69674265
69674026
69674006
69651711
69673309
69670977
69670723
69669833
69667698
69667305
69666355
66449815
69666228
69666056
69665703
69475787
69136932
69662084
69488425
69331198
69661250
69659797
69478114
69482132
67238475
69654620
69654139
69403234
69654014
69653490
69653449
69652632
69577091
69651450
68215122
68676232
69648869
69648007
69647990
69647054
69646209
69645894
69644607
69644340
69171628
69641628
69641482
69021716
69203538
69639422
69637835
69637431
69636464
69636356
69636353
69279717
69635006
69634621
69634574
69633716
69632224
69632085
69630035
69628844
67712313
69626321
69625422
69625118
69624774
69623950
69621942
69419943
69620655
69619432
69619362
69617652
69617625
69106364
69616351
67861975
69615756
69615755
69615110
69615070
69427173
69431930
69614104
69613861
69613809
69613708
69612834
69612362
69612303
69612278
69612075
69611989
69312449
69611154
69610801
69610622
69608608
69608238
69480273
64566744
69605290
69048646
68663104
69603311
66364851
69602860
69601791
69601226
69409710
69414772
69599701
69410975
69598977
69598553
69400430
69596195
69409463
69412678
69593851
69593395
69593181
69593148
69592259
69591441
67368836
69385561
69409995
69235358
69586862
69585921
69585657
69585587
69584857
69584008
69583008
69582364
69582167
69581674
69581157
69581069
69580369
69575113
69575068
69574690
69573748
69572981
69571999
69571933
69571247
69570356
69570100
69568937
69568286
69567568
68872341
69566615
69566426
69563672
68803953
69386784
69562956
69562760
69562531
69562509
69391278
69562327
69562123
69561926
69561467
69561425
69560147
69384574
69558403
69437113
69555888
69554697
69554542
68383359
69553472
69553409
68129892
69439065
69552358
69552312
69552177
69551895
69551723
69551556
69551482
68355210
69551197
69550592
69549336
69548505
69548426
69547922
69469984
69547496
69547105
69546153
69545532
69545210
69543407
69543312
69543246
69543111
68341239
69540085
69539986
69539253
69538938
69401695
69537523
69537212
69537182
69536599
69535425
69533163
69533127
69533101
69379093
69532381
69531996
69531925
69371739
69371686
69528594
69527900
69526532
69525379
69525252
69525079
69523576
69523174
69522352
69521314
67118607
69521060
69519982
69519596
69519546
69518651
69517708
69517624
69517135
69517134
69517052
69516838
69285266
69515846
69515566
69515207
69515045
69514924
69514805
69514570
69514029
68281522
69513206
69512359
69511140
69511114
69510613
69083649
69361361
69508718
69507838
69506592
69362709
69504980
67623978
69018887
69112199
69503001
69502813
69498864
69498336
69497812
69496978
69496921
69496758
69496689
69496364
69496324
66739432
69495723
69495110
69495087
69494784
66990445
69494668
69494143
69493186
69493080
69492889
69492818
69492688
69491823
69491799
69491486
69490667
69490530
69488270
69487994
69486445
69486422
69486132
69485750
69485181
69484346
69483571
69483512
69482966
69482547
69482210
69479778
69334400
69477005
69337562
69476467
69475176
69474274
69474225
69472370
69471532
68031508
69469802
69468353
69467778
69467242
69466698
69466629
69466246
69466213
69465990
69131760
69465076
69464923
69463898
69463095
69461290
69459567
69310474
69457613
69457450
69456746
69456319
67294716
69323851
67613791
69453334
69452487
69451983
69314586
69449290
69448429
69448132
69447668
69446372
69445211
69443591
69443280
69291437
69338148
69439795
69439771
69439439
69436762
69305141
69435996
69434192
69434074
69433797
69433757
69350947
69432111
69431813
69431404
69430672
69429330
69429148
69428874
69427510
69427422
69425771
69425248
69424573
69423206
68570286
69422564
69222484
69420791
69418840
69417161
69417079
69416908
69416724
69416429
69416174
69415662
69415384
69415045
69415005
69414517
69414493
69414125
69413923
69413823
69279379
69412305
69412148
69411728
69411475
69411084
69408774
69408490
69407866
69405931
69405683
69405073
69405000
69404993
69402869
69402281
69401939
69401778
69400059
69399977
69398378
69398341
69398033
69397739
69397586
67398382
69396840
69396333
69396032
69396013
69261310
69394017
69393078
69393009
69392586
69257430
69391542
69254748
69387020
69386502
69384979
69384784
69384271
69383612
69383227
67786962
69379992
69379523
69378874
68569816
69375683
69375552
69375084
69375043
69374369
69373481
69373086
69372196
69371296
69370258
69370220
68669693
69369454
69368715
69367205
69226960
69366588
69364423
69364148
69363354
69362556
69362407
69361828
68789671
69246131
69357751
69353920
69353770
69353286
69211875
68364891
69350418
69350287
69350279
69348853
69348760
69348362
69347970
69347301
69346957
69346840
69346184
69343327
69343223
69343201
69341971
69340894
69338472
69338319
69195981
69336783
69335688
69335567
69334230
69333762
69171149
69331114
69330881
68926370
69329073
69328131
69327730
69326033
69324061
69323813
69176572
69322414
69322293
69322119
69321584
69076503
69319743
69318869
69168492
69175515
69317299
69316132
69316032
69315780
68706318
69314445
69313756
69312686
69311636
69310964
69310240
69308385
69306949
69305604
69305190
69303273
69303013
69142685
69300323
69300008
69300006
69299856
69299242
69298535
69298494
69297616
69295758
69295017
69153237
69204281
69294036
68726513
69292333
69292230
69291503
69288996
69288906
69288836
69204312
68748045
69288197
69287800
69287796
69287723
69287513
69287361
69286532
69285979
69284984
69284955
69283946
69283341
69282944
68696230
69280233
68918150
69279714
69279352
69279190
69276709
69276299
69276121
69275694
69275268
69274557
69274479
69267894
69273535
69273266
69272397
69271548
69018352
69271316
69271046
69269888
69268964
69268859
69268829
69266851
69266265
69264826
68597364
69264356
69262976
69262884
69262858
69261757
69261553
69261400
69260925
69260849
69260236
69259486
69112147
69113751
69252684
69252167
69104025
69251849
69251151
69250618
69048422
69248249
69247668
69247533
69246824
69087911
69245125
66766777
69083378
69060950
69243187
69076624
69241947
69237265
69236915
69236059
69234597
69233180
69232382
69231630
69229680
69229077
69051448
69227584
69226745
68560690
69226209
68726940
69045725
69221931
69220457
69220071
69219592
69050928
69217954
69216579
69216278
69215673
69215544
69214457
69214236
69213440
69212928
68741331
69211367
69084155
69209358
69208063
69208037
69207431
69207196
65699881
69204517
69204435
69025797
69203321
69018971
69201376
69200599
68781039
69199302
69197588
69197041
69196473
69192057
69189696
69188507
69187467
69186189
69185419
69184853
69002472
69183595
69178814
69175195
69175012
69173271
69171170
69171012
69170868
69165847
69165411
69162555
69162368
69162335
69161906
69161301
69160861
69159923
69158893
69156939
69155213
69023440
69150205
68968091
69148027
69147157
69147155
69146192
69145757
69141366
69140428
69139981
68955615
69138486
69138363
69137040
69136130
69135168
69134843
69134077
69132989
68950580
68462619
69131972
69131804
69131513
69130605
68959820
68937402
69127781
69124311
69124193
68348928
69121807
69119835
69118302
68216678
69115677
68954256
69114206
69112219
69109167
69107926
69107899
69107025
68916438
69106269
69106174
69105418
69104504
69104453
69103412
69099598
69096079
68081062
69090830
69090475
69090463
68724856
69088945
69087093
69086097
69004679
69083046
69081365
69081205
69081120
69079962
69019131
68897394
69075702
69074807
69074670
68207224
68893718
68965334
69072137
69071171
69071044
68899796
69068417
69067174
69067113
69066810
69066506
69066078
69065842
69065552
69064721
69064654
68342131
69060620
68682060
69059425
69059104
69058795
69057591
69054960
69053724
69053112
69051569
69050013
69049749
69049568
69049247
69048680
69048192
69048142
68872649
69047302
69046945
69046248
69045801
69044944
68772140
69043399
69043316
69042725
69041777
69041674
69041048
68877822
68855025
69039170
69038882
69038259
69037985
69037563
69037284
69037251
68209336
69036626
69036519
69036244
69036000
69035575
68740331
69034228
69033025
69032818
69030250
67136139
69027382
69027254
69025954
69025909
69025580
69024449
68828038
69019679
67200422
69018228
69017008
69016727
68840468
69015756
69015654
69015624
68829677
69012978
68833958
69011807
69010723
69008135
69007840
69007199
69006923
69006666
69006634
69004927
69004368
69003243
69003124
69003123
69002314
69000955
68999381
68998847
68814886
68996267
68996108
68995752
68991923
68990781
68350388
68820805
68989225
68841193
68988096
68986313
68761943
68807224
68983555
68805569
68803307
68980827
68980565
68977384
68977256
68977228
68792610
68976884
68976523
68976329
68797902
68805980
68969753
68969635
68969309
68969158
68966587
68964528
68963681
68961779
68960980
68960549
68960330
68960001
68958691
68728866
68777277
68955863
68954382
68763637
68767967
68952617
68949781
68949543
68949273
68784598
68947573
68946731
68946668
68944271
68939957
68938157
68937911
68937089
68937088
68937048
68751402
68935856
68934608
68932033
68930643
68930456
68929824
68929441
68928135
68928109
68927629
68927375
68926833
66328411
68925901
68923391
68921658
68760476
68918901
68594358
67687277
68916286
68915848
68915169
68913508
68913198
68909309
68909253
68907142
68906005
68905540
68904453
68903748
68903656
68903468
68320938
67846408
68900762
68900494
68900428
68108280
68899323
68727940
68898176
68898161
68897583
68896067
68895406
68893656
68893245
68893220
68892919
68731248
68890361
68889313
68888522
68887853
68141052
68884759
68883940
68883451
68882707
68882640
68882059
68880546
68879355
68879059
68878944
68877318
68877202
68875885
68875686
68875060
68683549
68872645
61183486
68872278
68871179
68871083
68871017
68870542
66827214
68870050
68698349
68869100
68868795
68868525
68867760
68867151
68866949
68866731
68685044
68701998
68862335
68861494
68861315
68861252
68859730
68858385
68858353
68856895
68854454
68852774
67914169
68852656
68851390
68851235
68849912
68849053
68848784
68848575
68848567
68847201
68847093
68847044
68846843
68846842
68844384
68843226
68842899
68842751
68842305
68841890
68841512
68841210
68839753
68669874
68838689
68835502
68831764
68831102
68830777
68830454
68828420
68828211
68827018
68826854
68825128
68821483
68818018
68817632
68815872
68812827
68809711
68809433
68808959
68803850
68799966
68799844
68799707
68798591
68640178
68797433
68797119
68797096
68796955
68795914
68684637
68795446
68795433
68795225
68794412
68793517
68793104
68792513
68792330
68789516
68787969
68786897
68786319
68786134
66071190
68780078
68779603
68779487
66923240
68778814
68778424
67485857
68776948
68775878
68775458
68774588
68774062
68772983
68604592
68770793
68770338
68770051
68769858
68747901
68768076
68135177
68766947
68765585
68764267
68763301
68762807
68762681
68761500
68761155
68761154
68760936
68759799
68759034
68758961
68523036
68579135
68756759
68756734
68580177
68755882
68755135
68754782
68753917
68584319
68584980
68750839
68750142
68749253
68748846
65294405
68747960
68574665
68745065
68744875
68744383
68743909
68743215
68743030
68740756
68740113
68739488
68738852
68736442
68736154
68735662
68734197
68733375
68731247
68730179
68729981
68727769
68727630
68727447
68727191
68726225
68725855
68725790
68725375
68725013
68724497
68724206
68723954
68723552
68723389
68722837
68721967
68720488
68605054
68720156
68719803
68719736
68557992
68718865
66527604
68718148
68716687
68715986
68715061
68714078
68713478
68713250
68711436
68711354
68711054
65729711
68422540
68707226
68707176
68705546
68705536
68705308
68705238
68704998
68704631
68035853
68703583
68703139
68702753
68534045
68702060
68515094
68700726
68527362
68699974
68699848
68698677
68698216
68697165
68696808
68523790
68696075
68695436
68694284
68694023
68692791
68692784
68692236
67756527
68513816
68516069
68688151
68687978
68687816
68685246
68684970
68684329
68683818
68683169
68683026
68682249
68206067
68679858
68679769
68678435
68677432
68676427
68676304
68674391
68673880
68235376
68672033
68671591
68671195
68671148
68669978
68123429
68669022
68664287
68459404
67916063
68662531
68662045
68659868
68659461
68659362
68658637
68657346
68655701
68618922
68655639
68655624
67112989
68654423
68653301
68653004
68652939
68652005
68648925
68223258
68648104
68646076
68644638
68643692
68349715
68642541
68466728
68637853
68637839
68637753
68636980
68636541
68636254
68635502
68635288
68634634
68458566
68633700
68633239
68631436
68631275
68630395
68629810
68453136
68626421
68625629
68625534
68624016
68622695
68622375
68619251
68617056
68615927
68010237
68614920
67902613
68613123
68438395
68609283
68608809
68606803
68606153
68434754
68605671
68605338
68445312
68602073
68600586
67598049
68456012
68598048
68597439
68596195
68595031
68594898
68593537
68593100
68592093
68591531
68591453
68590958
68590238
68589560
68588654
68588640
68588476
68588194
68588076
68585093
68584652
68419710
68584266
68583810
68583005
68582117
68582057
68404980
68580273
68405434
68580056
68578968
68406612
68577187
68575181
68575167
68573067
68572895
68570285
68569990
68569638
68568655
68567000
68566705
68566488
68566423
68566109
68565966
68565305
68564832
67545494
68563319
68210999
68383365
68561285
68561111
68560628
68560479
68560297
68559641
68559419
65031891
68557795
68557750
68557401
68451431
68556231
68556183
68555135
68554514
68554294
68389295
68552039
68550950
67454987
68550223
68550191
68376169
68386889
68367519
68547738
68547015
68546120
68545312
68543532
68543234
68543218
68542879
68542774
68541839
68540191
68540096
68540075
68537698
68535865
68535266
68534681
68531594
68530776
68530344
68530230
68526004
68525780
68525276
68525108
68523810
68518902
67863209
68518406
68517025
68515655
68514377
68512704
68511761
68508651
68508203
68508108
68508103
68506991
68506600
68504630
68502613
68327565
68498006
68493351
68490112
68487580
67950500
67107310
68481942
68480814
68479444
68478209
68477681
68474062
68473461
68472649
68471154
68470233
68468748
68468088
68464503
68464356
68464317
68462772
68461218
68459353
68458682
68458512
68457013
68457003
68455544
68289479
68453073
68452665
68451430
68451347
68450765
68450220
68449593
68449441
68447806
68445181
68443263
68212415
68438594
67944123
68278119
68436723
68435661
68435281
68276035
68268552
68432603
68431841
68430832
68430596
68428781
68427504
68426892
68425625
68283847
68424283
68421720
68420192
68245907
68418317
68416263
68414559
68413947
68413664
68413592
68413215
68411181
68411120
68411106
68409248
68407395
68407112
68405891
68404558
68404033
68394684
68394116
68391713
68391298
68234632
67517814
68380773
68380111
68378459
67284517
68376331
68374959
68374712
68374710
68374559
68373957
68370979
68369923
68367214
68367186
68366207
68207809
68365527
68363891
68362976
68362781
68361602
68361397
68361067
68206828
68359045
68358439
68357444
68198339
68353177
68353016
68352917
68351900
68349639
67580991
68345889
68344509
68342302
68341461
68339528
68076466
68336520
66539903
68333942
68332877
68332256
68328573
68325784
68325686
68325572
68325515
67481467
68322681
68320560
68318471
68317858
68317593
68149267
68311906
68150268
68309397
68309382
68309151
66649903
68306093
67979154
68303500
68016501
68300683
68299085
68298548
68296820
68293179
68290825
68288465
68288201
68286250
68284800
68283081
68282783
68282030
68281858
68281542
68280892
68280688
68279847
68277671
68277586
68276414
68272036
68271280
68266252
68195092
68263691
68263555
68263021
68261859
68260392
68259298
68258185
68258084
68257932
68256623
68104567
68252144
68089589
68248601
68201543
68247907
68100591
68089835
68246152
67985791
68245369
68243836
68242685
68239555
68081072
68237605
68236770
68235475
68231226
68230099
68229787
68229574
68227765
68226501
68222165
68219834
68219826
68219505
68217422
68217258
68217031
68216481
68214469
68054356
68211356
68210702
68210642
68210350
68210275
68209657
68209219
68049017
68048460
68037433
68206100
68033263
68205766
68034667
68204226
68204033
68203753
68202729
68035533
68201376
68200949
68066676
68200381
68045612
68198189
68197760
68045738
68197268
68170028
68193156
68190473
68189761
68188800
68187828
68187177
68187057
68186828
68185860
68185700
68184512
68182905
68025292
68053752
68175501
68174283
67229118
70148410
70320665
70320392
70318307
70317468
70317034
70316381
70315774
70315735
70315730
70314824
70314681
70314651
70314546
70314230
70313436
70313175
70312765
70312724
70312143
70312088
70311801
69551509
70310229
70310150
70309922
70309735
70309554
70309487
70309472
70309235
70308725
70308499
70308423
70308381
70307970
69774059
70307269
70307165
70307159
70372219
68637304
70371328
70370782
70370174
70369778
70253885
70367719
70305984
70365179
70364288
70363048
70362956
70362763
69319978
70354037
68671069
68966588
70351050
70350715
70349076
70348123
69932839
70343691
70341694
70340975
70339727
70339326
70338753
70336467
70332548
70332370
70330799
70329315
70328200
70327610
70321848
70320004
70316491
70315739
70315655
70310265
70300387
70298308
70295784
70295608
70295352
69104177
69097660
69097072
69088097
68882860
69081737
69080916
69080656
69078886
69072679
69071556
69068819
68886921
69065879
69063181
69062441
69060481
69055006
69054983
69054638
69050083
68867508
69042967
69042686
69042253
69039211
69038354
69037948
69034948
69034310
69033453
69033340
67606288
69018378
68685549
69015427
69010293
69001172
68999769
68996269
68988316
68710705
68980588
68970166
68969984
68969765
68457232
68965563
66819687
68959532
70374173
70260015
70335697
70373648
70373616
70373537
69365895
69738794
69909781
70312148
69773502
70373054
69945603
70372778
70372758
70372683
68998482
70372609
69668032
69510826
70315234
70372002
70371496
70371058
70370643
69574002
70370441
70332358
70370354
70370312
70370283
70369975
70369955
69189696
70369663
70369615
70369535
70369475
70369468
70253645
70369353
70369274
70032746
70295893
70368769
70307827
70368196
70368071
70368003
69339699
